23
21
48
13
35
50
10
8
5
23
47
34
50
5
50
18
2
49
14
19
27
4
47
14
9
42
49
8
23
28
15
13
48
1
6
32
43
43
38
13
39
38
27
48
24
4
50
35
40
49
40
41
22
50
23
22
39
41
38
16
36
7
43
44
43
46
37
40
1
4
32
39
12
11
19
36
50
32
24
41
40
6
6
38
26
18
19
48
9
30
26
18
43
29
13
12
37
25
42
17
2
32
37
23
43
10
34
25
45
16
13
42
31
46
40
48
29
49
41
41
33
27
33
27
31
29
27
47
46
26
34
4
11
4
43
27
30
26
25
42
37
35
3
45
5
8
48
14
15
10
9
32
28
26
22
23
45
13
12
12
18
35
12
36
42
33
9
33
31
10
45
4
45
10
47
35
12
39
46
49
16
36
11
16
45
39
43
42
18
12
34
36
11
36
15
13
28
29
20
4
44
24
43
32
24
36
26
34
49
33
25
4
49
22
1
4
21
39
41
22
38
35
31
11
48
3
28
48
46
49
21
5
17
38
23
16
21
44
23
16
12
50
26
18
37
50
45
11
28
35
19
47
34
15
37
23
41
12
19
8
28
34
36
2
37
4
48
16
41
5
41
1
29
41
19
32
3
18
4
13
45
29
19
47
17
6
13
21
12
17
29
25
3
13
25
35
6
7
29
50
2
20
10
6
41
43
34
49
5
1
28
30
3
14
14
10
5
29
23
16
24
35
43
13
18
48
6
10
6
23
33
35
26
31
33
38
10
38
4
14
34
10
17
30
12
24
48
22
25
22
16
48
43
16
13
1
1
3
37
48
36
19
15
6
20
49
20
25
38
15
49
33
21
48
13
21
36
32
1
49
14
26
13
11
31
31
7
6
19
41
42
34
46
39
18
30
7
32
13
39
43
9
30
9
45
49
50
3
15
26
6
32
50
28
25
25
23
4
22
50
39
9
19
14
45
14
12
21
44
35
44
31
26
8
38
29
38
12
23
4
39
19
28
13
14
9
5
31
7
39
16
43
1
42
25
12
43
10
32
21
20
14
31
37
7
1
9
11
18
29
50
41
9
45
3
7
15
26
15
20
19
15
50
22
38
9
42
41
38
21
7
8
11
30
23
39
34
22
26
41
3
15
17
50
46
18
45
17
9
1
22
40
28
18
7
2
27
28
34
9
21
9
7
2
29
1
24
24
50
26
24
44
2
2
22
1
4
28
44
17
49
10
32
49
26
37
9
34
38
19
33
2
28
30
6
3
31
20
6
25
25
13
22
33
41
13
19
25
22
29
49
37
40
16
25
19
27
1
35
32
28
27
49
10
17
42
33
40
10
17
15
22
11
28
25
13
20
47
12
34
29
31
43
36
6
3
43
5
9
16
9
38
28
39
21
43
34
29
24
27
5
13
3
19
43
17
18
30
38
27
16
44
26
24
34
45
10
13
33
32
27
26
47
25
19
20
1
31
9
39
24
1
47
1
31
23
35
6
22
24
28
24
3
1
47
18
10
4
3
17
35
2
39
45
43
36
9
32
11
8
41
32
34
9
4
14
9
34
13
29
47
6
38
39
3
49
36
7
1
10
28
7
21
47
39
15
41
46
43
30
45
44
11
12
2
23
37
43
27
37
24
50
10
19
11
15
37
6
39
45
2
14
23
12
37
16
48
46
50
21
18
48
41
5
27
3
29
20
49
17
35
37
18
3
46
7
50
1
10
37
33
11
46
12
10
36
5
28
24
32
6
11
26
46
43
11
19
4
39
17
22
45
37
1
27
2
30
18
2
48
22
26
6
9
19
8
19
27
2
17
36
41
22
19
4
13
44
12
41
15
44
30
27
19
6
10
26
9
44
17
30
5
20
3
24
36
39
23
7
4
19
9
12
31
23
8
25
25
10
31
37
21
7
7
9
26
8
9
3
16
23
29
8
11
36
15
14
32
39
40
48
27
48
29
18
49
40
2
27
48
31
18
12
30
45
9
44
32
29
32
38
2
7
6
7
18
26
4
22
18
29
37
24
24
32
35
30
42
22
1
27
11
18
5
8
23
50
18
25
2
41
47
6
33
12
11
9
9
3
22
28
46
41
37
50
4
12
39
44
30
11
8
8
23
20
49
3
4
29
9
15
20
50
22
39
2
38
21
37
22
19
20
9
37
12
39
29
30
32
2
15
48
50
12
14
49
23
5
48
16
19
39
28
23
38
43
9
15
40
10
48
2
33
7
39
12
6
37
2
35
29
29
21
23
26
29
10
42
42
45
